2056.7
2055.9
2055.2
2054.7
2054.3
2054
2053.9
2054.1
2054.3
2054.7
2055.1
2055.8
2056.7
2056.9
2055.1
2056.5
2056.6
2055.9
2055.3
2054.7
2054.4
2054.3
2054.3
2054.6
2054.9
2055.3
2055.7
2056
2056.3
2055.9
2055
2056.7
2055.4
2054.4
2053.8
2053.4
2053
2052.6
2052.3
2052.3
2052.4
2052.5
2052.5
2052.7
2053
2053.4
2053.7
2053.7
2053.9
2054.2
2054.5
2054.6
2054.6
2054.7
2054.9
2055.1
2055.1
2054.9
2054.8
2054.8
2054.6
2054.2
2053.9
2053.8
2053.8
2053.9
2053.9
2053.8
2053.9
2054.1
2054.1
2053.9
2057.3
2057.2
2056.9
2056.4
2056
2055.3
2054.5
2054.2
2054.8
2055.5
2056.2
2056.8
2055.8
2054.6
2057
2056.7
2055.8
2055.3
2054.9
2054.6
2054.3
2054.1
2054.1
2054.3
2054.5
2054.9
2055.6
2056.7
2056.1
2053.9
2057.3
2057.1
2056.8
2056.4
2056.1
2056
2056
2056.1
2056.2
2056.4
2056.7
2056.7
2056.4
2056
2055.8
2055.7
2055.6
2055.4
2055.7
2056.1
2056.2
2056.1
2056.2
2056.4
2056.4
2056.2
2055.7
2055.8
2055.9
2054.9
2054.2
2053.7
2053.4
2053.2
2053.2
2053.4
2053.8
2054.2
2054.5
2054.1
2053.4
2056.9
2056
2055.4
2055
2054.6
2054.4
2054.4
2054.5
2054.7
2054.8
2055
2055.4
2055.8
2056.1
2056.2
2056.3
2056.3
2056.3
2056.3
2056.3
2056.2
2056.1
2056
2055.8
2055.4
2055.1
2055
2055.1
2055.3
2055.5
2055.6
2055.7
2056
2056.3
2056.5
2056.3
2056.1
2055.9
2054
2052.5
2051.4
2050.7
2050.5
2050.8
2051.6
2052.7
2052.8
2051.4
2054.7
2055.5
2055.8
2052.7
2051.8
2054.6
2053.6
2052.9
2052.7
2052.8
2052.5
2049.8
2051.2
2051.5
2050.9
2050.5
2056.9
2056.2
2056
2055.3
2054.4
2053.6
2053
2052.6
2052.3
2052.1
2052.1
2052.1
2052.3
2052.6
2053.1
2053.8
2054.1
2054.3
2054.4
2054.2
2053.7
2053.1
2052.4
2051.9
2052.2
2053.2
2053.7
2053.5
2052.9
2056.3
2055
2054.1
2053.2
2052.3
2051.6
2051.2
2051.3
2051.7
2052.4
2053.1
2053.7
2054.3
2054.8
2054.6
2054.3
2054.7
2055.2
2055.6
2055.9
2056.3
2056.4
2056
2055.2
2056.9
2055.8
2054.8
2054
2053.4
2052.8
2052.3
2052
2051.8
2051.8
2051.9
2052.1
2052.4
2052.8
2053.3
2053.7
2053.7
2053.4
2052.9
2052.4
2052
2051.8
2051.9
2052.2
2052.7
2053.2
2053.3
2053.4
2053.8
2053.9
2053.8
2053.8
2056.3
2056.8
2057.1
2057.2
2057.2
2057.2
2057.2
2057.3
2057.3
2057.3
2057.3
2057.3
2057.3
2057.3
2057.3
2057.3
2057.4
2057.4
2057.4
2057.4
2057.4
2057.4
2057.4
2057.4
2057.4
2057.4
2057.4
2057.4
2057.4
2057.4
2057.4
2057.4
2057.4
2057.4
2057.4
2057.4
2057.4
2057.4
2054.1
2056.9
2057
2057
2057
2057
2057.1
2057.1
2057.1
2057.2
2057.2
2057.3
2057.3
2057.4
2057.4
2057.3
2057.4
2057.4
2057.4
2057.4
2057.4
2057.4
2057.4
2057.4
2057.4
2057.4
2057.4
2057.4
2056.7
2056.9
2057
2057.1
2057.1
2057.1
2057.1
2057.1
2057.1
2057.1
2057.1
2057.1
2057.2
2057.2
2057.2
2057.3
2057.3
2057.3
2057.3
2057.3
2057.3
2057.3
2057.4
2057.4
2057.4
2057.4
2057.4
2057.4
2057.4
2057.4
2057.5
2057.5
2057.5
2057.5
2057.5
2057.5
2057.5
2057.5
2057.5
2057.5
2056.4
2057
2057
2057.1
2057.1
2057.1
2057.1
2057.1
2057.1
2057.1
2057.1
2057.1
2057.2
2057.2
2057.2
2057.2
2057.2
2057.3
2057.3
2057.3
2057.3
2057.3
2057.3
2057.3
2057.4
2057.4
2057.4
2057.4
2057.4
2057.4
2057.4
2057.5
2057.5
2057.5
2057.5
2057.5
2057.5
2057.5
2057.5
2057.5
2057.5
2057.5
2057.5
2057.5
2054.5
2056.5
2056.8
2057.2
2057.2
2057.2
2057.2
2057.3
2057.3
2057.4
2057.4
2057.4
2057.4
2057.4
2057.4
2057.4
2057.4
2057.4
2057.4
2057.4
2057.5
2057.5
2057.5
2057.5
2057.5
2057.5
2057.5
2057.5
2057.5
2057.5
2057.5
2057.5
2057.5
2057.5
2057.5
2057.5
2057.5
2057.5
2056.5
2056.6
2056.9
2057
2057.2
2057.3
2057.3
2057.3
2057.3
2057.3
2057.3
2057.3
2057.3
2057.3
2057.3
2057.3
2057.3
2057.4
2057.4
2057.4
2057.4
2057.4
2057.4
2057.4
2057.4
2057.4
2057.4
2057.4
2057.4
2057.4
2051.5
2053.3
2054.9
2056.6
2056.9
2057.2
2057.2
2057.3
2057.3
2057.3
2057.3
2057.3
2057.3
2057.4
2057.4
2057.4
2057.4
2057.4
2057.4
2057.4
2057.4
2057.4
2057.5
2057.5
2057.5
2057.5
2057.5
2057.5
2057.5
2057.5
2057.5
2057.5
2057.5
2057.5
2057.5
2057.5
2057.5
2057.5
2057.5
2057.5
2057.5
2057.5
2057.5
2057.5
2053.7
2054.8
2055.3
2055.4
2055.5
2055.7
2055.8
2056
2056.5
2056.6
2056.8
2057.1
2057.3
2057.4
2057.4
2057.4
2057.4
2057.4
2057.4
2057.4
2057.4
2057.4
2057.4
2057.4
2057.4
2057.4
2057.4
2057.4
2057.4
2057.4
2057.4
2057.4
2057.4
2057.4
2057.4
2057.4
2057.4
2057.4
2057.4
2057.4
2057.4
2057.4
2057.4
2056.4
2057.4
2057.4
2057.5
2057.5
2057.5
2057.5
2057.5
2057.5
2057.5
2057.5
2057.5
2057.5
2057.5
2057.5
2057.5
2057.5
2057.5
2057.5
2057.5
2057.5
2057.5
2057.5
2057.5
2057.5
2057.5
2057.5
2057.5
2057.5
2057.5
2057.5
2057.5
2057.5
2057.5
2057.5
2057.5
2057.5
2057.5
2057.5
2057.5
2053.9
2054.3
2057.1
2057.2
2057.3
2057.3
2057.3
2057.4
2057.4
2057.4
2057.4
2057.4
2057.4
2057.4
2057.4
2057.4
2057.4
2057.4
2057.4
2057.4
2057.4
2057.4
2057.4
2057.4
2057.5
2057.5
2057.5
2057.5
2057.5
2057.5
2057.5
2057.5
2057.5
2057.5
2057.5
2057.5
2057.5
2057.5
2057.5
2057.5
2057.5
2057.5
