1.5834,4.1994,14.248,2.7823,4.4276,14.24,1.5374,3.2684,14.462
1.5699,4.1195,14.244,2.9419,4.4717,14.263,1.599,3.2071,14.527
1.5586,4.0413,14.239,3.0647,4.5036,14.283,1.6641,3.1311,14.595
1.5494,3.9642,14.234,3.1532,4.5223,14.297,1.7312,3.0528,14.662
1.5424,3.8872,14.229,3.2085,4.5272,14.304,1.7969,2.9857,14.722
1.538,3.8101,14.224,3.2305,4.5174,14.303,1.8571,2.9378,14.768
1.5362,3.7327,14.22,3.2191,4.4918,14.293,1.9089,2.9113,14.798
1.5372,3.6553,14.217,3.1745,4.4498,14.275,1.951,2.9038,14.809
1.5408,3.5783,14.214,3.0975,4.391,14.248,1.9845,2.9082,14.807
1.5468,3.5026,14.212,2.989,4.3153,14.213,2.0143,2.9132,14.8
1.5544,3.4288,14.208,2.8499,4.2231,14.17,2.049,2.9047,14.8
1.5634,3.3576,14.204,2.6797,4.1146,14.12,2.0944,2.8741,14.817
1.5741,3.2887,14.199,2.4765,3.989,14.064,2.1457,2.8242,14.848
1.5871,3.2214,14.193,2.2432,3.8483,14.005,2.1916,2.7637,14.884
1.5997,3.1524,14.19,2.0298,3.7347,13.933,2.2236,2.7024,14.911
1.6057,3.0724,14.192,1.9388,3.7852,13.791,2.2392,2.6508,14.92
1.6105,2.9881,14.197,1.8811,3.8861,13.629,2.2427,2.6146,14.908
1.6153,2.904,14.202,1.8286,3.9663,13.488,2.2431,2.5923,14.881
1.6193,2.8209,14.206,1.7814,4.0221,13.373,2.2527,2.5775,14.855
1.6219,2.7388,14.208,1.7415,4.0568,13.286,2.2838,2.5639,14.844
1.6229,2.6579,14.207,1.7113,4.0686,13.235,2.3377,2.5513,14.85
1.6233,2.5782,14.204,1.6929,4.0544,13.232,2.4008,2.5419,14.861
1.6241,2.4996,14.201,1.6858,4.0118,13.277,2.4566,2.536,14.863
1.6261,2.4226,14.198,1.6864,3.94,13.361,2.4941,2.5314,14.849
1.6297,2.3473,14.194,1.6906,3.8394,13.47,2.5076,2.5249,14.817
1.6349,2.274,14.191,1.6948,3.7105,13.592,2.4968,2.5135,14.766
1.6415,2.203,14.187,1.6963,3.5524,13.722,2.4666,2.4944,14.704
1.6489,2.1345,14.183,1.692,3.3635,13.855,2.4293,2.4659,14.638
1.6561,2.0688,14.178,1.6764,3.1404,13.987,2.4069,2.4283,14.586
1.6622,2.0049,14.172,1.6395,2.8982,14.109,2.424,2.3796,14.559
1.6679,1.9382,14.166,1.5643,2.7194,14.207,2.4875,2.311,14.557
1.5912,4.2973,14.307,2.6418,4.422,14.247,1.1835,3.2186,14.316
1.5828,4.3121,14.362,2.6794,4.4576,14.281,0.9134,3.1578,14.23
1.5744,4.3259,14.416,2.6871,4.4757,14.315,0.67468,3.13,14.147
1.5661,4.3393,14.469,2.6629,4.4775,14.352,0.46485,3.1271,14.063
1.558,4.3522,14.522,2.6084,4.4654,14.39,0.28232,3.1462,13.981
1.5496,4.3644,14.573,2.5322,4.4426,14.43,0.12698,3.1869,13.897
1.5394,4.3758,14.623,2.455,4.413,14.47,-0.00017,3.2497,13.815
1.5253,4.3861,14.672,2.41,4.3792,14.505,-0.097569,3.3351,13.734
1.5062,4.3956,14.719,2.4171,4.3406,14.531,-0.16418,3.4429,13.656
1.4831,4.4043,14.765,2.4543,4.2968,14.553,-0.19912,3.5717,13.584
1.4582,4.4122,14.809,2.4883,4.2504,14.576,-0.20234,3.7195,13.518
1.4328,4.4191,14.851,2.4987,4.2052,14.605,-0.17425,3.8827,13.463
1.4075,4.4252,14.89,2.477,4.1644,14.641,-0.1158,4.0574,13.419
1.3826,4.4304,14.926,2.4213,4.1299,14.686,-0.028488,4.2389,13.389
1.3579,4.435,14.96,2.3348,4.1024,14.736,0.085454,4.4225,13.376
1.333,4.4392,14.991,2.228,4.0801,14.791,0.22324,4.6035,13.38
1.3065,4.4438,15.021,2.1228,4.0557,14.842,0.38257,4.7775,13.404
1.2769,4.4498,15.049,2.0499,4.0149,14.884,0.56123,4.9406,13.45
1.2434,4.4581,15.075,2.02,3.9495,14.913,0.757,5.0889,13.522
1.2079,4.4681,15.099,2.0095,3.8721,14.935,0.96664,5.2184,13.62
1.1723,4.4789,15.122,1.9922,3.801,14.954,1.1853,5.3249,13.747
1.1378,4.49,15.141,1.9548,3.7486,14.975,1.4064,5.4046,13.903
1.1053,4.5013,15.158,1.8928,3.7207,14.999,1.6217,5.4546,14.09
1.0752,4.5128,15.173,1.8064,3.7185,15.027,1.8222,5.4729,14.307
1.0477,4.5249,15.185,1.7002,3.7382,15.059,1.9986,5.4588,14.549
1.0229,4.5383,15.196,1.5841,3.7683,15.093,2.1426,5.4132,14.812
1.0002,4.5544,15.205,1.4753,3.785,15.127,2.2473,5.3385,15.087
0.97881,4.5747,15.215,1.3889,3.7604,15.156,2.3082,5.2378,15.366
0.95938,4.5989,15.224,1.3196,3.6967,15.182,2.3227,5.1155,15.639
0.94281,4.6246,15.235,1.2514,3.6247,15.208,2.2908,4.977,15.897
0.92949,4.6498,15.246,1.1754,3.5705,15.232,2.2144,4.8285,16.133
0.91931,4.6731,15.26,1.0899,3.5477,15.256,2.0968,4.6762,16.34
0.91195,4.694,15.275,0.9961,3.5617,15.277,1.9425,4.5264,16.513
0.90688,4.7119,15.293,0.89656,3.6123,15.295,1.7572,4.3847,16.649
0.90352,4.727,15.313,0.79406,3.6939,15.308,1.5473,4.2565,16.744
0.9014,4.7399,15.336,0.6899,3.7922,15.315,1.3197,4.1466,16.798
0.90025,4.7519,15.362,0.58026,3.8819,15.313,1.082,4.0592,16.811
0.90017,4.7641,15.391,0.45602,3.9417,15.298,0.84201,3.9974,16.785
0.90069,4.7758,15.423,0.31686,3.9801,15.267,0.60793,3.9637,16.721
0.90035,4.7854,15.459,0.17761,4.0226,15.223,0.38777,3.9593,16.625
0.89767,4.7918,15.496,0.054469,4.0854,15.169,0.18892,3.9843,16.502
1.5417,4.3087,14.304,2.4418,4.3266,14.038,1.4878,3.288,14.439
1.4826,4.3352,14.357,2.3284,4.2859,13.855,1.4943,3.2767,14.477
1.4236,4.3596,14.409,2.2228,4.2531,13.671,1.494,3.2896,14.515
1.3658,4.3817,14.461,2.1063,4.2308,13.501,1.4855,3.3286,14.557
1.3097,4.4017,14.511,1.9787,4.2189,13.354,1.4692,3.3904,14.602
1.2546,4.4203,14.559,1.8475,4.2148,13.238,1.4472,3.4653,14.653
1.2001,4.4389,14.606,1.7219,4.2159,13.168,1.4239,3.5352,14.71
1.1458,4.4587,14.65,1.6085,4.2203,13.17,1.4053,3.579,14.773
1.0914,4.4803,14.692,1.5053,4.2276,13.257,1.3949,3.5903,14.845
1.0371,4.5024,14.732,1.4032,4.2397,13.411,1.3887,3.5849,14.923
0.9834,4.5237,14.77,1.2958,4.2592,13.608,1.3794,3.5839,15.005
0.93087,4.5431,14.807,1.1793,4.2902,13.838,1.3609,3.6007,15.089
0.87941,4.5603,14.843,1.0573,4.3316,14.075,1.3299,3.6416,15.175
0.82737,4.5776,14.887,0.95808,4.3481,14.181,1.2853,3.7076,15.264
0.77379,4.5974,14.947,0.89428,4.3021,14.053,1.229,3.7952,15.353
0.72052,4.6167,15.007,0.82913,4.2548,13.903,1.1675,3.8921,15.445
0.66712,4.636,15.065,0.75939,4.2189,13.788,1.1121,3.9788,15.543
0.6128,4.6561,15.119,0.68758,4.1927,13.708,1.0727,4.0406,15.653
0.55754,4.677,15.171,0.61546,4.1748,13.662,1.0477,4.0812,15.773
0.50201,4.6978,15.22,0.54403,4.165,13.646,1.0262,4.115,15.891
0.4468,4.7177,15.267,0.47401,4.1635,13.659,0.99845,4.1531,15.992
0.39219,4.7366,15.314,0.40623,4.1706,13.699,0.95907,4.2003,16.072
0.3383,4.7543,15.36,0.34139,4.1864,13.767,0.90638,4.2571,16.125
0.28498,4.771,15.405,0.28018,4.211,13.862,0.84196,4.3207,16.154
0.23174,4.7871,15.448,0.22336,4.2445,13.987,0.77162,4.3848,16.164
0.17786,4.8033,15.489,0.17181,4.2869,14.146,0.70637,4.4397,16.168
0.12235,4.82,15.527,0.12644,4.3388,14.345,0.66103,4.4747,16.182
0.064717,4.8375,15.561,0.087754,4.4025,14.59,0.64216,4.4862,16.213
0.005789,4.8554,15.592,0.05481,4.4726,14.866,0.63827,4.4836,16.248
-0.053617,4.8772,15.63,0.032602,4.4803,15.032,0.63144,4.4806,16.276
1.627,4.2874,14.306,2.5614,4.4068,14.454,1.6643,3.308,14.51
1.6541,4.2929,14.359,2.5577,4.4509,14.692,1.8432,3.3047,14.616
1.6817,4.2968,14.413,2.5604,4.5109,14.929,2.0069,3.3121,14.713
1.7114,4.2988,14.469,2.5494,4.585,15.155,2.1505,3.3345,14.795
1.7441,4.2992,14.527,2.513,4.6674,15.358,2.2716,3.3743,14.858
1.78,4.2984,14.588,2.4481,4.7514,15.532,2.3703,3.4318,14.902
1.8189,4.2969,14.653,2.3561,4.8305,15.671,2.4482,3.5047,14.927
1.8603,4.2956,14.72,2.241,4.8983,15.773,2.5112,3.5861,14.939
1.9028,4.2956,14.79,2.1086,4.9484,15.834,2.5729,3.663,14.945
1.9446,4.2984,14.862,1.967,4.9744,15.854,2.6536,3.7202,14.953
1.9846,4.3042,14.937,1.8271,4.9717,15.833,2.7624,3.7564,14.967
2.0229,4.3121,15.012,1.7003,4.9407,15.78,2.8843,3.7885,14.99
2.0606,4.3203,15.088,1.5935,4.8903,15.713,2.9961,3.8336,15.025
2.0991,4.3272,15.162,1.5005,4.8394,15.655,3.0815,3.8999,15.075
2.1396,4.3318,15.233,1.4082,4.8011,15.619,3.1327,3.9886,15.141
2.1818,4.3348,15.302,1.3225,4.7695,15.595,3.1507,4.0962,15.222
2.2235,4.3371,15.371,1.2641,4.7341,15.571,3.1498,4.2167,15.312
2.2618,4.3394,15.44,1.2484,4.6917,15.544,3.161,4.3462,15.406
2.2946,4.3409,15.508,1.2811,4.6451,15.513,3.2086,4.4897,15.501
2.3238,4.3412,15.577,1.3568,4.6006,15.483,3.2715,4.6526,15.596
2.3528,4.34,15.645,1.4575,4.5669,15.452,3.3119,4.8263,15.688
2.3849,4.3379,15.715,1.5524,4.5535,15.415,3.3093,4.9959,15.774
2.4217,4.3352,15.785,1.6194,4.5647,15.364,3.2596,5.1481,15.853
2.4621,4.3332,15.857,1.6716,4.593,15.3,3.168,5.2721,15.923
2.5039,4.3332,15.928,1.7324,4.6248,15.24,3.0443,5.3609,15.988
2.5458,4.3362,15.999,1.8136,4.6486,15.198,2.9002,5.4109,16.05
1.6233,4.2472,14.302,2.503,4.5196,14.195,1.3677,3.5299,14.501
1.6486,4.2241,14.35,2.4494,4.6633,14.176,1.212,3.5791,14.648
1.6752,4.2067,14.394,2.4164,4.804,14.161,1.0156,3.5419,14.835
1.7002,4.1886,14.438,2.3826,4.9383,14.156,0.84458,3.5242,15.016
1.7241,4.169,14.482,2.3312,5.0617,14.169,0.70839,3.5411,15.181
1.7478,4.1486,14.525,2.2548,5.1688,14.199,0.59925,3.5877,15.33
1.7712,4.1282,14.567,2.1536,5.2506,14.247,0.5177,3.6591,15.46
1.7939,4.1088,14.609,2.0321,5.2986,14.312,0.46704,3.7503,15.568
1.8152,4.0911,14.652,1.8965,5.3065,14.392,0.45056,3.8562,15.651
1.8345,4.0757,14.694,1.7547,5.2711,14.484,0.47014,3.9715,15.707
1.8515,4.0628,14.738,1.6149,5.1922,14.585,0.52682,4.0906,15.734
1.8656,4.0526,14.783,1.4856,5.0746,14.691,0.62053,4.207,15.733
1.8764,4.0446,14.829,1.3733,4.9324,14.794,0.74894,4.3129,15.708
1.8846,4.0378,14.876,1.2771,4.7927,14.882,0.9054,4.3986,15.667
1.8912,4.0309,14.926,1.1868,4.6904,14.932,1.0792,4.4507,15.635
1.6271,4.2364,14.226,2.5673,4.2187,14.19,1.6499,3.0938,14.328
1.6536,4.1889,14.2,2.5798,4.0737,14.163,1.8134,2.9087,14.251
1.679,4.1383,14.175,2.6257,3.9409,14.134,1.9606,2.7613,14.172
1.7046,4.0851,14.149,2.6888,3.8227,14.104,2.09,2.6421,14.091
1.7313,4.0292,14.123,2.7494,3.7217,14.075,2.2019,2.5467,14.007
1.7598,3.9709,14.097,2.7963,3.639,14.047,2.2979,2.4726,13.921
1.7904,3.9102,14.07,2.825,3.5746,14.022,2.3788,2.4178,13.832
1.823,3.8473,14.042,2.8356,3.5277,13.999,2.4453,2.3804,13.741
1.8571,3.7826,14.014,2.8333,3.4977,13.979,2.4973,2.3578,13.645
1.8923,3.7165,13.985,2.8293,3.4829,13.962,2.535,2.3469,13.544
1.9272,3.6492,13.956,2.8423,3.4804,13.951,2.5575,2.346,13.437
1.9607,3.5807,13.925,2.8896,3.488,13.946,2.5645,2.3548,13.324
1.9932,3.5109,13.894,2.9676,3.5074,13.95,2.556,2.3743,13.207
2.026,3.4397,13.863,3.0525,3.5383,13.961,2.5324,2.4059,13.091
2.0606,3.3673,13.83,3.1217,3.5758,13.976,2.4953,2.4508,12.98
2.0976,3.2942,13.797,3.1628,3.6127,13.992,2.4466,2.5099,12.884
2.137,3.2208,13.763,3.1713,3.6417,14.004,2.3898,2.5828,12.811
2.1784,3.1476,13.729,3.1477,3.657,14.008,2.3293,2.6667,12.765
2.2214,3.0753,13.695,3.0957,3.6546,14,2.2709,2.7567,12.742
2.2652,3.0043,13.664,3.0217,3.634,13.979,2.2191,2.8462,12.726
2.3092,2.9338,13.636,2.9368,3.6016,13.946,2.1731,2.9333,12.695
2.3527,2.8626,13.61,2.8577,3.5744,13.911,2.1287,3.0217,12.648
2.3953,2.7893,13.586,2.7973,3.5728,13.885,2.0863,3.1081,12.604
2.437,2.7144,13.561,2.7513,3.5949,13.873,2.0504,3.1817,12.58
2.4785,2.6397,13.536,2.7089,3.6163,13.867,2.026,3.2312,12.578
2.5201,2.5667,13.512,2.6662,3.616,13.863,2.0164,3.2494,12.599
2.5618,2.4963,13.488,2.6247,3.5834,13.858,2.0217,3.234,12.641
2.6033,2.4285,13.465,2.5875,3.5154,13.851,2.0387,3.1879,12.699
2.6446,2.3636,13.442,2.5583,3.4134,13.846,2.0626,3.1154,12.766
2.6854,2.3011,13.42,2.5412,3.2823,13.846,2.088,3.0203,12.834
2.7256,2.2406,13.4,2.5398,3.1312,13.859,2.109,2.9063,12.891
2.7655,2.181,13.38,2.5561,2.9739,13.897,2.1179,2.7791,12.926
2.8057,2.121,13.361,2.5886,2.8243,13.968,2.1066,2.6461,12.933
2.8464,2.0602,13.343,2.6338,2.6849,14.071,2.0735,2.5121,12.916
2.8872,1.9994,13.326,2.6897,2.545,14.187,2.0267,2.3764,12.89
2.9273,1.9393,13.312,2.7549,2.3952,14.293,1.9781,2.2369,12.868
2.9664,1.8801,13.299,2.8267,2.2333,14.372,1.9376,2.093,12.859
1.5852,4.3206,14.276,2.8595,4.4316,14.272,1.4525,3.1658,14.537
1.5731,4.358,14.301,3.0958,4.4839,14.327,1.4345,3.0583,14.663
1.563,4.3928,14.326,3.294,4.531,14.378,1.4231,2.997,14.776
1.555,4.4248,14.351,3.4542,4.5734,14.422,1.4174,2.9835,14.872
1.5493,4.4539,14.377,3.5743,4.611,14.458,1.4168,3.0186,14.951
1.5461,4.4801,14.404,3.6517,4.6437,14.485,1.4211,3.1022,15.009
1.5454,4.5036,14.431,3.6843,4.6712,14.503,1.4303,3.2332,15.045
1.5473,4.5245,14.459,3.6709,4.6934,14.512,1.4441,3.4085,15.058
1.5519,4.5429,14.488,3.6115,4.7099,14.514,1.4627,3.6258,15.047
1.5589,4.5602,14.517,3.508,4.7208,14.508,1.485,3.8655,15.02
1.569,4.5823,14.543,3.3615,4.7261,14.497,1.5021,4.0333,15.043
1.583,4.617,14.556,3.1735,4.726,14.483,1.4984,4.0045,15.243
1.5999,4.6535,14.568,2.9429,4.7212,14.468,1.4938,3.9512,15.466
1.6192,4.6887,14.581,2.6671,4.7126,14.455,1.4947,3.921,15.658
1.6394,4.7224,14.596,2.3702,4.7018,14.446,1.5024,3.9185,15.808
1.6428,4.755,14.617,2.3332,4.6806,14.39,1.5177,3.9426,15.916
1.6276,4.7882,14.645,2.5831,4.6244,14.249,1.5406,3.9914,15.981
1.613,4.8199,14.675,2.8185,4.5678,14.12,1.5698,4.0636,16.003
1.6004,4.8497,14.706,3.0177,4.5166,14.008,1.603,4.1588,15.98
1.5899,4.8776,14.739,3.1829,4.4717,13.908,1.6381,4.2759,15.911
1.5817,4.9037,14.772,3.315,4.4337,13.819,1.6728,4.4131,15.797
1.5758,4.9283,14.807,3.4127,4.4038,13.737,1.7054,4.5643,15.646
1.5719,4.9531,14.837,3.474,4.3833,13.665,1.7437,4.6995,15.525
1.5669,4.9825,14.852,3.4966,4.3733,13.606,1.8392,4.7489,15.63
1.5626,5.0126,14.859,3.479,4.3751,13.562,1.964,4.7716,15.815
1.5614,5.0415,14.865,3.4208,4.3893,13.535,2.0797,4.7983,15.977
1.5639,5.069,14.872,3.3234,4.4163,13.528,2.1758,4.833,16.095
1.5895,4.2894,14.194,2.5848,4.2629,14.449,1.5735,3.4117,14.256
1.5811,4.3016,14.135,2.5777,4.1652,14.678,1.6547,3.4373,14.113
1.5749,4.3178,14.079,2.5457,4.0869,14.892,1.7254,3.378,13.96
1.5708,4.334,14.024,2.4874,4.0262,15.084,1.7882,3.3005,13.798
1.5686,4.3477,13.972,2.4073,3.9787,15.252,1.8418,3.2455,13.639
1.5683,4.3584,13.92,2.3082,3.9424,15.391,1.8857,3.2242,13.491
1.5697,4.3662,13.87,2.193,3.9164,15.498,1.9201,3.2363,13.358
1.5727,4.3713,13.821,2.0646,3.9005,15.57,1.9462,3.2776,13.243
1.5771,4.3739,13.774,1.9257,3.8943,15.605,1.9659,3.342,13.148
1.5827,4.3745,13.729,1.7795,3.8977,15.602,1.9819,3.4225,13.079
1.5894,4.3733,13.687,1.6292,3.9101,15.56,1.9989,3.5105,13.041
1.597,4.3708,13.649,1.4779,3.9308,15.48,2.0228,3.596,13.038
1.605,4.3677,13.614,1.329,3.9588,15.363,2.0616,3.6677,13.07
1.613,4.3651,13.585,1.1856,3.9928,15.213,2.1248,3.7126,13.13
1.62,4.3641,13.562,1.0506,4.0315,15.033,2.2216,3.7203,13.207
1.6262,4.3645,13.545,0.92702,4.0739,14.826,2.3464,3.699,13.298
1.6327,4.365,13.535,0.81844,4.1195,14.596,2.4769,3.6709,13.405
1.6399,4.365,13.531,0.73055,4.168,14.344,2.5955,3.6509,13.523
1.6478,4.3644,13.533,0.6716,4.2188,14.071,2.6962,3.6426,13.645
1.6563,4.3635,13.542,0.64168,4.2684,13.791,2.7795,3.6445,13.766
1.6658,4.3628,13.556,0.6265,4.3129,13.521,2.8481,3.6531,13.883
1.677,4.3624,13.575,0.61048,4.3509,13.269,2.903,3.6672,13.994
1.6902,4.3621,13.597,0.58318,4.3844,13.044,2.9413,3.6886,14.094
1.7059,4.3615,13.623,0.52334,4.4186,12.861,2.9572,3.721,14.182
1.7245,4.3602,13.653,0.40143,4.4613,12.735,2.9446,3.7678,14.254
1.7457,4.3581,13.685,0.21797,4.5155,12.66,2.8991,3.8302,14.306
1.7689,4.3551,13.719,0.008308,4.5763,12.617,2.8185,3.9084,14.337
1.7933,4.3514,13.754,-0.1844,4.6392,12.6,2.7003,4.0019,14.343
1.8178,4.3473,13.789,-0.32182,4.7063,12.62,2.5511,4.1062,14.326
1.6094,4.3268,14.247,2.5327,4.4666,14.378,1.2839,3.1019,14.318
1.6167,4.3701,14.242,2.5066,4.5548,14.545,1.1087,2.9335,14.232
1.6218,4.4116,14.236,2.4954,4.637,14.718,0.95149,2.8007,14.146
1.6264,4.4516,14.23,2.4747,4.7104,14.886,0.81062,2.7004,14.059
1.6313,4.4902,14.224,2.4301,4.7728,15.035,0.68664,2.6347,13.97
1.6366,4.5271,14.219,2.3581,4.823,15.153,0.58151,2.6069,13.878
1.6422,4.5623,14.215,2.2603,4.8612,15.234,0.4974,2.6197,13.785
1.6477,4.5955,14.212,2.1405,4.8874,15.276,0.43622,2.6748,13.689
1.6526,4.6269,14.21,2.0035,4.9024,15.275,0.39928,2.7721,13.592
1.6567,4.6564,14.209,1.8549,4.9072,15.234,0.38704,2.9101,13.495
1.6595,4.684,14.208,1.7014,4.9048,15.165,0.39906,3.0857,13.399
1.6609,4.7097,14.205,1.5467,4.9014,15.096,0.434,3.2946,13.305
1.6616,4.7333,14.199,1.385,4.9041,15.06,0.48914,3.5309,13.215
1.6622,4.7552,14.189,1.209,4.9115,15.055,0.55893,3.7861,13.137
1.6622,4.7764,14.177,1.0299,4.917,15.045,0.63263,4.0495,13.084
1.6606,4.7971,14.166,0.86491,4.9175,15.009,0.69482,4.3147,13.08
1.6567,4.8177,14.155,0.72699,4.9132,14.94,0.73839,4.587,13.139
1.6498,4.8383,14.145,0.62484,4.9051,14.843,0.7745,4.8717,13.243
1.6393,4.8592,14.136,0.56356,4.8936,14.724,0.82143,5.1637,13.372
1.6246,4.8807,14.128,0.54353,4.8766,14.596,0.88985,5.4559,13.509
1.6059,4.9033,14.119,0.5602,4.8483,14.467,0.98526,5.7449,13.646
1.5834,4.9277,14.11,0.60475,4.805,14.341,1.1112,6.0208,13.786
1.5586,4.955,14.101,0.65728,4.7494,14.218,1.2628,6.2658,13.932
1.5349,4.9856,14.091,0.68082,4.6838,14.102,1.427,6.4686,14.081
1.5744,4.2818,14.232,2.7168,4.3938,14.004,1.5835,3.2196,14.15
1.5518,4.2812,14.21,2.8175,4.4131,13.799,1.6872,3.147,13.903
1.5318,4.2784,14.188,2.8867,4.432,13.602,1.783,3.1108,13.669
1.5141,4.2731,14.163,2.9313,4.4509,13.412,1.8671,3.1098,13.454
1.4989,4.2659,14.135,2.9545,4.4695,13.231,1.9385,3.1368,13.259
1.4857,4.2572,14.105,2.9562,4.4881,13.062,1.9968,3.1863,13.088
1.4746,4.2472,14.071,2.9327,4.5079,12.913,2.0431,3.2515,12.94
1.4654,4.2362,14.035,2.8786,4.531,12.793,2.0802,3.3242,12.819
1.4581,4.2246,13.995,2.792,4.5594,12.704,2.1131,3.3952,12.729
1.4524,4.2124,13.952,2.6785,4.594,12.645,2.1485,3.4551,12.676
1.4481,4.1999,13.907,2.5512,4.6362,12.614,2.1925,3.497,12.661
1.4451,4.1871,13.86,2.4266,4.689,12.611,2.2479,3.5184,12.682
1.4431,4.1742,13.811,2.32,4.7582,12.638,2.3126,3.5214,12.734
1.4422,4.161,13.761,2.2394,4.8494,12.699,2.382,3.5106,12.812
1.4424,4.1477,13.711,2.1806,4.9628,12.793,2.4507,3.4911,12.908
1.444,4.1342,13.662,2.1314,5.0904,12.912,2.5142,3.4678,13.018
1.4473,4.1208,13.616,2.0805,5.2193,13.05,2.5689,3.4455,13.137
1.4526,4.1076,13.572,2.0214,5.3361,13.2,2.6123,3.4287,13.263
1.4601,4.0947,13.534,1.9525,5.4307,13.356,2.6425,3.4211,13.39
1.47,4.0822,13.501,1.8746,5.4971,13.514,2.6574,3.4251,13.518
1.4825,4.07,13.475,1.7899,5.5337,13.672,2.6548,3.4418,13.644
1.4978,4.058,13.458,1.7006,5.5418,13.826,2.6314,3.4719,13.765
1.5161,4.0459,13.449,1.6089,5.523,13.977,2.5837,3.5161,13.879
1.5376,4.0337,13.45,1.5165,5.4788,14.122,2.5087,3.5744,13.983
1.562,4.0214,13.461,1.4251,5.411,14.259,2.4057,3.646,14.07
1.5889,4.0093,13.481,1.3362,5.321,14.386,2.2807,3.7268,14.141
1.6168,3.9976,13.509,1.2505,5.2115,14.503,2.154,3.8067,14.208
1.6434,3.9873,13.54,1.1684,5.086,14.607,2.0581,3.8718,14.308
1.668,3.9785,13.573,1.0894,4.9483,14.697,1.9988,3.9211,14.461
1.6924,3.9705,13.61,1.0129,4.8029,14.774,1.9538,3.9614,14.63
1.7168,3.9628,13.65,0.94016,4.6513,14.84,1.911,3.9976,14.786
1.7413,3.9556,13.694,0.87452,4.4933,14.895,1.8655,4.0329,14.921
1.6561,2.0688,14.178,1.6764,3.1404,13.987,2.4069,2.4283,14.586
1.6203,2.1288,14.143,1.6319,3.1004,13.965,2.4891,2.4051,14.64
1.668,2.2021,14.161,1.5653,3.0907,13.924,2.5089,2.3371,14.662
1.694,2.2027,14.177,1.5122,3.1266,13.884,2.5381,2.2949,14.686
1.707,2.1938,14.182,1.5072,3.1169,13.886,2.5387,2.2997,14.682
1.7394,2.1463,14.179,1.4905,3.0709,13.918,2.5717,2.2969,14.678
1.8056,2.0608,14.182,1.4434,2.9711,13.974,2.64,2.2786,14.666
1.8685,1.9782,14.189,1.4106,2.8608,14.025,2.704,2.2568,14.648
1.8848,1.9518,14.2,1.4168,2.802,14.039,2.7249,2.2378,14.63
2.001,1.7908,14.222,1.3875,2.5511,14.127,2.8421,2.1764,14.57
2.0453,1.7444,14.19,1.3984,2.497,14.148,2.8403,2.1755,14.556
2.0653,1.7052,14.183,1.41,2.4404,14.155,2.8568,2.1698,14.537
2.0982,1.66,14.179,1.4087,2.3622,14.157,2.8895,2.1462,14.507
2.0903,1.6708,14.174,1.4116,2.3728,14.139,2.8839,2.1441,14.503
2.1005,1.6707,14.104,1.4018,2.3764,14.081,2.8646,2.1556,14.465
2.1411,1.6235,13.853,1.3847,2.2886,13.816,2.8416,2.171,14.261
2.197,1.5325,13.687,1.3942,2.1125,13.597,2.8751,2.1428,14.066
2.2159,1.5008,13.725,1.4142,2.0675,13.653,2.8957,2.1201,14.082
2.2791,1.4116,13.697,1.4453,1.9277,13.655,2.9346,2.0772,14.028
2.3068,1.381,13.689,1.4546,1.8791,13.669,2.9472,2.0504,14.016
2.3068,1.381,13.689,1.4546,1.8791,13.669,2.9472,2.0504,14.016
2.3149,1.3701,13.687,1.4591,1.8629,13.673,2.951,2.044,14.013
2.3152,1.3694,13.687,1.4597,1.8623,13.674,2.9507,2.0436,14.014
2.3178,1.3642,13.685,1.4647,1.857,13.677,2.9486,2.0406,14.017
2.3179,1.3639,13.685,1.4647,1.8566,13.677,2.9486,2.0404,14.017
2.3215,1.3504,13.682,1.465,1.8378,13.677,2.9467,2.0323,14.02
2.3216,1.35,13.682,1.465,1.8371,13.677,2.9467,2.0319,14.021
2.3216,1.35,13.682,1.465,1.8371,13.677,2.9467,2.0319,14.021
2.3208,1.3522,13.682,1.4641,1.8367,13.67,2.9466,2.0272,14.025
2.3208,1.3522,13.682,1.4641,1.8367,13.67,2.9466,2.0272,14.025
2.3208,1.3522,13.682,1.4641,1.8367,13.67,2.9466,2.0272,14.025
2.321,1.3517,13.682,1.464,1.8361,13.671,2.9461,2.0275,14.026
2.3219,1.3503,13.681,1.4636,1.834,13.674,2.9442,2.0275,14.031
2.3219,1.3503,13.681,1.4636,1.834,13.674,2.9442,2.0275,14.031
2.3234,1.3472,13.68,1.4619,1.8275,13.679,2.941,2.0246,14.036
2.3234,1.3472,13.68,1.4619,1.8275,13.679,2.941,2.0246,14.036
2.3234,1.3472,13.68,1.4619,1.8275,13.679,2.941,2.0246,14.036
2.3234,1.3471,13.679,1.4606,1.8257,13.681,2.9407,2.0237,14.036
0.90069,4.7758,15.423,0.31686,3.9801,15.267,0.60793,3.9637,16.721
0.8233,4.5924,15.677,0.31531,4.0024,15.19,0.68507,4.1263,16.54
0.8294,4.5925,15.707,0.30188,3.9897,15.168,0.69226,4.1389,16.531
0.82724,4.5921,15.7,0.29313,3.9885,15.132,0.70388,4.1418,16.569
0.81675,4.5781,15.701,0.29206,3.9935,15.114,0.71559,4.152,16.577
0.76541,4.6068,15.565,0.24352,3.9529,15.084,0.77749,4.1603,16.444
0.70566,4.6195,15.435,0.18291,3.9104,15.022,0.85259,4.1842,16.328
0.68819,4.5914,15.36,0.13414,3.8907,14.95,0.89414,4.2213,16.262
0.65258,4.5819,15.232,0.073277,3.8545,14.878,0.94902,4.2513,16.134
0.63054,4.5628,15.112,0.026579,3.8301,14.793,0.96267,4.2707,15.979
0.51306,4.5377,14.734,-0.10797,3.7503,14.562,1.0641,4.3227,15.54
0.40089,4.5104,14.41,-0.17833,3.7005,14.333,1.1102,4.3305,15.13
0.3928,4.5101,14.378,-0.14327,3.7087,14.299,1.0722,4.3023,15.068
0.38704,4.5111,14.309,-0.15099,3.6853,14.268,1.0716,4.3047,14.983
0.38704,4.5111,14.309,-0.15099,3.6853,14.268,1.0716,4.3047,14.983
0.38704,4.5111,14.309,-0.15099,3.6853,14.268,1.0716,4.3047,14.983
0.40042,4.4993,14.322,-0.12981,3.6787,14.269,1.0795,4.2876,14.993
0.41849,4.4827,14.338,-0.1033,3.6624,14.271,1.0985,4.2659,15.008
0.43924,4.4666,14.356,-0.058378,3.6209,14.272,1.1423,4.2299,15.014
0.43924,4.4666,14.356,-0.058378,3.6209,14.272,1.1423,4.2299,15.014
0.43812,4.4642,14.357,-0.0667,3.6241,14.271,1.1327,4.2366,15.017
0.43812,4.4642,14.357,-0.0667,3.6241,14.271,1.1327,4.2366,15.017
0.43379,4.4596,14.357,-0.063454,3.6114,14.252,1.1395,4.2361,15.002
0.43379,4.4596,14.357,-0.063454,3.6114,14.252,1.1395,4.2361,15.002
0.4338,4.4597,14.357,-0.062893,3.6116,14.252,1.1399,4.2359,15.002
0.43401,4.461,14.357,-0.056204,3.6133,14.251,1.1459,4.2336,14.998
0.4338,4.4615,14.357,-0.049029,3.6128,14.253,1.1559,4.235,14.989
0.4338,4.4615,14.357,-0.049029,3.6128,14.253,1.1559,4.235,14.989
0.064717,4.8375,15.561,0.087754,4.4025,14.59,0.64216,4.4862,16.213
0.041678,4.8452,15.518,0.094267,4.4097,14.625,0.65914,4.4701,16.218
0.034778,4.8568,15.515,0.11646,4.4052,14.677,0.64554,4.4613,16.163
0.016626,4.8859,15.523,0.13381,4.3885,14.688,0.64746,4.448,16.137
0.032487,4.8984,15.509,0.13635,4.3699,14.686,0.64269,4.4457,16.119
0.032487,4.8984,15.509,0.13635,4.3699,14.686,0.64269,4.4457,16.119
0.11113,4.947,15.427,0.10818,4.3196,14.654,0.64276,4.4251,16.082
0.12026,4.9511,15.418,0.10518,4.3146,14.65,0.64299,4.4237,16.077
0.12604,4.9388,15.403,0.098326,4.3167,14.638,0.64609,4.429,16.071
0.13038,4.9306,15.378,0.085177,4.3041,14.625,0.64638,4.4353,16.046
0.16076,4.9033,15.208,-0.001681,4.2078,14.538,0.64506,4.4498,15.896
0.18989,4.8827,15.051,-0.078469,4.1242,14.458,0.64209,4.4561,15.77
0.21754,4.8538,14.841,-0.15149,4.0419,14.35,0.63183,4.4534,15.618
0.23723,4.7914,14.505,-0.215,3.9543,14.16,0.61767,4.4331,15.383
0.22479,4.796,14.562,-0.1909,3.9848,14.187,0.62907,4.4281,15.416
0.23193,4.7641,14.485,-0.22842,3.9526,14.137,0.66848,4.4243,15.301
0.24128,4.7188,14.342,-0.26363,3.9109,14.048,0.70304,4.4114,15.152
0.25143,4.6749,14.211,-0.28146,3.8738,13.97,0.74259,4.3933,15.012
0.25408,4.685,14.272,-0.25667,3.8867,14.01,0.74829,4.3925,15.064
0.30183,4.6461,14.276,-0.21663,3.8282,14.048,0.83615,4.3701,15.053
0.3889,4.5419,14.234,-0.13477,3.7049,14.086,1.0351,4.3088,14.956
0.43794,4.4901,14.222,-0.083992,3.644,14.114,1.1373,4.2699,14.91
0.48285,4.4384,14.18,-0.041809,3.5878,14.115,1.2214,4.2251,14.836
0.54378,4.3922,14.243,0.0582,3.5462,14.185,1.3094,4.1423,14.833
0.74847,4.221,14.305,0.24402,3.3666,14.312,1.5818,3.9521,14.747
0.80797,4.1666,14.325,0.29818,3.3202,14.344,1.6771,3.8969,14.718
0.86889,4.1081,14.327,0.34404,3.2758,14.357,1.7621,3.8379,14.674
0.91286,4.0713,14.318,0.36294,3.2632,14.34,1.7998,3.7973,14.641
0.95376,4.0511,14.317,0.41184,3.23,14.362,1.8412,3.7499,14.619
0.95376,4.0511,14.317,0.41184,3.23,14.362,1.8412,3.7499,14.619
1.2197,3.8615,14.276,0.61786,3.0875,14.364,2.1258,3.4671,14.414
1.3487,3.7774,14.229,0.70432,3.0373,14.328,2.2402,3.3253,14.298
1.3537,3.7882,14.191,0.68821,3.0682,14.271,2.2089,3.3136,14.272
1.4615,3.7281,14.169,0.75836,3.0433,14.24,2.2909,3.1977,14.196
1.4539,3.7328,14.176,0.75325,3.0462,14.244,2.2853,3.2059,14.204
1.4126,3.7666,14.233,0.71687,3.0736,14.28,2.2527,3.254,14.265
1.4125,3.7667,14.233,0.71678,3.0737,14.28,2.2527,3.254,14.265
1.3873,3.7892,14.248,0.69334,3.0934,14.285,2.2281,3.2785,14.285
1.3875,3.7991,14.245,0.68574,3.1116,14.27,2.218,3.269,14.273
1.3878,3.7991,14.245,0.6857,3.112,14.27,2.218,3.2683,14.272
2.4621,4.3332,15.857,1.6716,4.593,15.3,3.168,5.2721,15.923
2.5043,4.3911,15.858,1.6873,4.5995,15.307,3.1097,5.2079,15.912
2.4982,4.3954,15.849,1.7147,4.6055,15.321,3.09,5.1989,15.904
2.52,4.3765,15.856,1.7341,4.6317,15.324,3.0535,5.1916,15.885
2.5252,4.365,15.845,1.7406,4.6379,15.327,3.0471,5.1981,15.877
2.5488,4.3542,15.804,1.7457,4.645,15.331,3.0422,5.2059,15.866
2.5733,4.3664,15.738,1.726,4.6413,15.329,3.0551,5.2057,15.852
2.599,4.3657,15.671,1.7141,4.6441,15.328,3.059,5.2109,15.835
2.6332,4.3636,15.558,1.7076,4.6475,15.319,3.0583,5.2172,15.803
2.6324,4.3657,15.533,1.719,4.6456,15.303,3.055,5.2159,15.786
2.6763,4.3803,15.297,1.7283,4.6428,15.24,3.0549,5.2136,15.671
2.6923,4.3914,15.193,1.7322,4.6385,15.205,3.0592,5.2111,15.609
2.7075,4.4635,14.783,1.762,4.6032,14.997,3.0942,5.1817,15.275
2.7153,4.4854,14.639,1.7702,4.587,14.924,3.1097,5.1769,15.183
2.7037,4.506,14.539,1.7768,4.5659,14.841,3.1313,5.1754,15.126
2.7065,4.5305,14.455,1.772,4.5268,14.789,3.1585,5.1823,15.031
2.7065,4.5316,14.436,1.7804,4.5202,14.766,3.1586,5.1851,15.006
2.7233,4.5237,14.434,1.8066,4.5013,14.748,3.1479,5.2077,14.982
2.7798,4.548,14.178,1.8929,4.4051,14.556,3.1455,5.2704,14.723
2.8332,4.5543,14.08,1.9564,4.31,14.46,3.1322,5.3495,14.581
2.8569,4.548,14.095,1.9784,4.278,14.456,3.1192,5.3861,14.566
2.8551,4.524,14.299,1.9476,4.3041,14.596,3.1029,5.3935,14.727
2.9071,4.5328,14.159,2.0168,4.2785,14.513,3.0796,5.4227,14.566
2.9719,4.5204,14.212,2.0769,4.2483,14.539,3.0517,5.4793,14.491
3.0039,4.525,14.232,2.1109,4.2616,14.555,3.0552,5.4818,14.405
3.0622,4.5278,14.213,2.1767,4.2447,14.536,3.044,5.5176,14.271
3.0686,4.528,14.219,2.1826,4.2455,14.54,3.0427,5.5208,14.262
3.1064,4.5416,14.191,2.2258,4.2465,14.518,3.0405,5.5369,14.178
3.3514,4.7033,14.028,2.4956,4.3435,14.379,3.0525,5.6251,13.769
3.3447,4.7116,14.031,2.4877,4.3486,14.377,3.0602,5.623,13.795
3.4379,4.8266,13.978,2.589,4.3818,14.297,3.1047,5.6866,13.656
3.4473,4.8686,14.029,2.6157,4.4207,14.275,3.1307,5.7197,13.649
3.4853,4.9537,14.045,2.6557,4.4407,14.234,3.152,5.7824,13.619
3.5249,5.0356,14.062,2.702,4.5043,14.203,3.1592,5.8343,13.63
3.5358,5.0466,14.056,2.7152,4.5123,14.195,3.1609,5.8412,13.615
3.5358,5.0466,14.056,2.7152,4.5123,14.195,3.1609,5.8412,13.615
3.5288,5.0484,14.054,2.7158,4.5122,14.2,3.1613,5.859,13.615
3.5263,5.0862,13.988,2.7375,4.5463,14.198,3.1501,5.9305,13.649
3.5359,5.0916,13.98,2.7451,4.549,14.199,3.1471,5.9338,13.647
3.5359,5.0916,13.98,2.7451,4.549,14.199,3.1471,5.9338,13.647
3.5444,5.0953,13.974,2.7522,4.5571,14.205,3.1435,5.9367,13.647
3.551,5.0997,13.964,2.7583,4.5821,14.251,3.1574,5.9476,13.653
3.551,5.0997,13.964,2.7583,4.5821,14.251,3.1574,5.9476,13.653
3.5474,5.0978,13.968,2.7569,4.5774,14.241,3.1592,5.9453,13.647
1.8764,4.0446,14.829,1.3733,4.9324,14.794,0.74894,4.3129,15.708
1.6397,4.1457,14.968,1.4606,4.9457,14.716,0.90043,4.2041,15.624
1.6028,4.1423,14.999,1.4726,4.9712,14.693,0.92554,4.1831,15.611
1.5826,4.1504,14.992,1.5323,5.0381,14.612,0.88539,4.1154,15.681
1.5863,4.1339,14.978,1.5314,5.0429,14.625,0.88131,4.1324,15.663
1.5727,4.1263,14.946,1.5457,5.0644,14.63,0.87378,4.1318,15.634
1.5504,4.1614,14.815,1.5839,5.1566,14.638,0.84725,4.0786,15.498
1.5644,4.2388,14.685,1.5853,5.2376,14.628,0.82546,4.0109,15.327
1.583,4.2853,14.619,1.5575,5.2549,14.608,0.82977,4.0119,15.217
1.5894,4.3461,14.461,1.5462,5.3266,14.6,0.82351,3.9956,15.011
1.5876,4.3884,14.339,1.5337,5.3639,14.576,0.82876,4.012,14.846
1.5898,4.4317,14.276,1.5295,5.3836,14.529,0.82173,4.0194,14.727
1.5964,4.45,14.253,1.5255,5.3932,14.513,0.81553,4.0214,14.675
1.5967,4.45,14.254,1.5244,5.392,14.511,0.81492,4.024,14.673
1.5972,4.4577,14.238,1.5187,5.3957,14.5,0.81119,4.031,14.642
1.5926,4.4668,14.215,1.4925,5.4071,14.478,0.77841,4.0448,14.569
1.5665,4.4599,14.231,1.4513,5.4166,14.45,0.70253,4.0614,14.513
1.5662,4.4597,14.231,1.4512,5.4166,14.45,0.70241,4.0615,14.513
1.5533,4.4542,14.242,1.4489,5.4143,14.443,0.69636,4.063,14.531
1.5323,4.4544,14.245,1.422,5.4182,14.41,0.65773,4.0769,14.496
1.4644,4.456,14.263,1.3332,5.4312,14.309,0.5567,4.1185,14.43
1.4509,4.4559,14.269,1.3188,5.4335,14.293,0.53885,4.1246,14.425
1.4018,4.4725,14.275,1.276,5.4502,14.233,0.48813,4.1405,14.396
1.4093,4.4764,14.273,1.286,5.4512,14.246,0.5004,4.1352,14.405
1.4093,4.4764,14.273,1.286,5.4512,14.246,0.5004,4.1352,14.405
1.403,4.4844,14.272,1.2774,5.4588,14.244,0.48849,4.138,14.392
1.4,4.5245,14.258,1.2533,5.4929,14.275,0.48897,4.1456,14.385
1.3922,4.5384,14.254,1.2329,5.5061,14.31,0.51391,4.1452,14.44
1.3464,4.6155,14.231,1.1398,5.5746,14.331,0.50011,4.1717,14.454
1.1595,4.7189,14.215,0.90072,5.661,14.062,0.29603,4.2682,14.28
1.0843,4.7917,14.198,0.7888,5.7222,14,0.23236,4.3067,14.237
1.0989,4.8108,14.19,0.79641,5.7362,14.06,0.264,4.2979,14.273
1.0426,4.8838,14.17,0.69464,5.7947,14.052,0.23378,4.3297,14.275
1.014,4.9118,14.159,0.63744,5.8157,14.031,0.21108,4.3535,14.267
0.92497,4.9729,14.145,0.52681,5.8526,13.918,0.13294,4.4046,14.235
0.92131,4.976,14.145,0.52196,5.8546,13.914,0.13004,4.4067,14.234
0.92133,4.9767,14.145,0.52305,5.8547,13.914,0.13049,4.4064,14.236
0.91878,4.9909,14.14,0.51882,5.8633,13.924,0.13687,4.4072,14.253
2.8872,1.9994,13.326,2.6897,2.545,14.187,2.0267,2.3764,12.89
2.8729,2.0148,13.368,2.7024,2.5316,14.173,2.0243,2.3714,12.896
2.7395,1.9859,13.56,2.8051,2.5885,14.361,1.9959,2.2907,13.018
2.7282,1.9494,13.666,2.8346,2.6146,14.432,1.9468,2.2761,13.073
2.7014,1.9064,13.803,2.8214,2.6312,14.48,1.9253,2.2535,13.273
2.6738,1.8934,13.923,2.8323,2.6307,14.548,1.8885,2.2114,13.419
2.6457,1.8612,14.023,2.8577,2.6444,14.602,1.854,2.176,13.534
2.6482,1.8581,14.067,2.8605,2.6292,14.627,1.823,2.1536,13.597
2.6233,1.8384,14.122,2.8772,2.6309,14.651,1.7884,2.1247,13.684
2.6224,1.8376,14.122,2.8772,2.63,14.65,1.7861,2.1238,13.687
2.615,1.831,14.133,2.8799,2.6257,14.65,1.769,2.1147,13.717
2.588,1.8107,14.143,2.8892,2.609,14.63,1.7066,2.0892,13.799
2.5645,1.7944,14.127,2.8953,2.5913,14.594,1.6506,2.0721,13.856
2.5485,1.7876,14.114,2.8943,2.5856,14.574,1.6407,2.0691,13.859
2.4577,1.74,14.035,2.9067,2.5317,14.43,1.5101,2.0176,13.955
2.4415,1.7317,14.015,2.9066,2.5208,14.4,1.489,2.0097,13.966
2.4419,1.7293,13.966,2.8944,2.5082,14.352,1.5047,2.0124,13.915
2.3828,1.6522,13.781,2.8695,2.4293,14.109,1.462,1.9877,13.854
2.3637,1.6399,13.747,2.88,2.4163,14.059,1.4461,1.9699,13.839
2.3637,1.6399,13.747,2.88,2.4163,14.059,1.4461,1.9699,13.839
2.3641,1.6416,13.743,2.8859,2.4144,14.055,1.441,1.9631,13.841
2.366,1.6438,13.741,2.8883,2.4152,14.054,1.4421,1.9623,13.836
2.3964,1.662,13.718,2.9189,2.4253,14.045,1.4603,1.9534,13.785
2.3915,1.6574,13.724,2.9094,2.4261,14.049,1.46,1.9622,13.794
2.3918,1.6569,13.725,2.9085,2.4269,14.05,1.4608,1.964,13.794
2.3971,1.658,13.725,2.9117,2.4308,14.05,1.4649,1.9661,13.787
2.3971,1.658,13.725,2.9117,2.4308,14.05,1.4649,1.9661,13.787
2.3971,1.658,13.725,2.9117,2.4308,14.05,1.4649,1.9661,13.787
2.3971,1.658,13.725,2.9117,2.4308,14.05,1.4649,1.9661,13.787
2.4085,1.6592,13.726,2.9157,2.4398,14.049,1.4753,1.9717,13.769
1.5626,5.0126,14.859,3.479,4.3751,13.562,1.964,4.7716,15.815
1.7626,4.9384,14.812,3.3147,4.4257,13.634,1.9275,4.7878,15.72
1.9626,4.8757,14.63,3.1215,4.484,13.721,1.9208,4.7807,15.719
2.1065,4.8366,14.453,2.8818,4.5494,13.903,2.0201,4.7393,15.566
2.0674,4.8556,14.399,2.8317,4.5532,14.002,2.1095,4.7065,15.458
1.9986,4.8847,14.39,2.851,4.5349,14.033,2.1607,4.6871,15.388
2.0143,4.8772,14.412,2.8509,4.5419,14.009,2.1439,4.6898,15.369
2.052,4.9217,14.402,2.8801,4.5624,13.994,2.0824,4.6549,15.336
2.0817,4.9675,14.387,2.9049,4.5788,13.989,2.0309,4.6188,15.306
2.1072,5.0258,14.36,2.9316,4.6013,14,1.971,4.5653,15.242
2.0992,5.0327,14.339,2.9364,4.6137,14.016,1.9676,4.558,15.2
2.1028,5.0651,14.292,2.967,4.6647,14.027,1.9058,4.5204,15.106
2.0832,5.0847,14.199,3.0358,4.8127,14.045,1.7852,4.4764,14.92
2.0698,5.0772,14.189,3.0306,4.8314,14.042,1.7803,4.477,14.903
2.0493,5.1013,14.144,3.0224,4.92,14.03,1.7268,4.4407,14.797
2.0444,5.1067,14.147,3.0034,4.9235,14.021,1.7336,4.4365,14.795
1.986,5.1389,14.083,2.9608,5.0287,14.002,1.7019,4.3775,14.647
1.8897,5.1455,14.015,2.8889,5.1406,13.97,1.7005,4.3171,14.508
1.8806,5.1245,14.042,2.865,5.1149,13.956,1.7354,4.319,14.561
1.7964,5.1093,14.038,2.7686,5.2035,13.895,1.7608,4.2435,14.518
1.7594,5.0919,14.041,2.728,5.2425,13.867,1.7735,4.2139,14.512
1.7442,5.0623,14.07,2.7018,5.2534,13.844,1.7874,4.1997,14.559
1.7485,5.0589,14.081,2.6919,5.2332,13.842,1.7945,4.2167,14.586
1.7062,5.0415,14.092,2.6326,5.254,13.813,1.8231,4.1988,14.601
1.7062,5.0415,14.092,2.6326,5.254,13.813,1.8231,4.1988,14.601
1.7038,5.041,14.088,2.6285,5.2734,13.815,1.8151,4.2084,14.594
1.6377,5.0464,14.048,2.5435,5.375,13.795,1.8346,4.1989,14.51
1.595,5.0471,14.076,2.4523,5.4388,13.787,1.8861,4.2172,14.543
1.5638,5.0466,14.093,2.3866,5.5107,13.793,1.9115,4.2448,14.559
1.5662,5.0462,14.098,2.383,5.5159,13.803,1.915,4.2566,14.57
1.5319,5.0479,14.101,2.3136,5.5916,13.819,1.9453,4.2884,14.568
1.5319,5.0479,14.101,2.3136,5.5916,13.819,1.9453,4.2884,14.568
1.5074,5.0491,14.121,2.2425,5.6581,13.848,1.9957,4.3351,14.598
1.5074,5.0491,14.121,2.2425,5.6581,13.848,1.9957,4.3351,14.598
1.5172,5.0483,14.123,2.2494,5.654,13.858,1.9989,4.3399,14.602
1.549,5.0419,14.11,2.2345,5.7191,13.875,2.044,4.346,14.57
1.549,5.0419,14.11,2.2345,5.7191,13.875,2.044,4.346,14.57
1.548,5.0435,14.108,2.2215,5.723,13.876,2.0712,4.3498,14.569
1.5661,5.0409,14.114,2.2223,5.7355,13.883,2.1018,4.356,14.577
1.5661,5.0409,14.114,2.2223,5.7355,13.883,2.1018,4.356,14.577
1.5661,5.0409,14.114,2.2223,5.7355,13.883,2.1018,4.356,14.577
1.5679,5.0408,14.114,2.2228,5.7414,13.881,2.1103,4.3598,14.577
1.5668,5.0432,14.112,2.2278,5.7374,13.877,2.1167,4.3721,14.575
1.5676,5.0436,14.112,2.2283,5.7376,13.875,2.1209,4.3756,14.575
1.7689,4.3551,13.719,0.008308,4.5763,12.617,2.8185,3.9084,14.337
1.8334,4.3169,13.779,0.062109,4.5831,12.702,2.6972,3.9577,14.257
1.7975,4.2968,13.714,0.15093,4.5767,12.902,2.5594,4.0007,14.167
1.7384,4.318,13.722,0.17472,4.5721,12.976,2.567,3.9931,14.163
1.6925,4.3595,13.819,0.13217,4.5401,13.056,2.5598,3.972,14.153
1.5963,4.5694,13.874,0.066411,4.2059,13.121,2.2789,3.8986,14.126
1.5398,4.6297,13.889,0.078587,4.1024,13.156,2.1656,3.871,14.116
1.3584,4.6554,13.873,0.20443,3.9098,13.236,1.8557,3.8549,14.113
1.1134,4.5944,13.907,0.42593,3.9185,13.35,1.5898,3.778,14.135
1.08,4.5745,13.913,0.45621,3.9377,13.371,1.5655,3.7679,14.14
1.1302,4.5167,13.948,0.42037,4.0787,13.353,1.7019,3.7641,14.193
1.0626,4.496,14.08,0.33914,4.0858,13.553,1.6858,3.7344,14.275
1.0337,4.48,14.165,0.228,4.0235,13.708,1.646,3.7406,14.353
0.97672,4.4584,14.244,0.17846,3.979,13.886,1.5761,3.7196,14.439
0.93948,4.4308,14.326,0.10322,3.9618,14.067,1.5426,3.6776,14.528
0.92606,4.412,14.348,0.073736,3.9514,14.139,1.5239,3.6645,14.567
0.94345,4.3917,14.323,0.058244,3.9541,14.205,1.5102,3.6351,14.603
0.95095,4.3819,14.307,0.064494,3.9606,14.205,1.5123,3.6287,14.605
0.95985,4.3652,14.291,0.06088,3.9627,14.222,1.5142,3.6183,14.611
0.95985,4.3652,14.291,0.06088,3.9627,14.222,1.5142,3.6183,14.611
0.95641,4.3587,14.293,0.061629,3.956,14.223,1.5139,3.6141,14.605
0.95641,4.3587,14.293,0.061629,3.956,14.223,1.5139,3.6141,14.605
0.95641,4.3586,14.293,0.061657,3.9557,14.223,1.514,3.6137,14.604
0.95756,4.3552,14.295,0.063039,3.9457,14.222,1.5216,3.6023,14.583
0.95756,4.3552,14.295,0.063039,3.9457,14.222,1.5216,3.6023,14.583
0.95782,4.3516,14.297,0.066014,3.9335,14.219,1.5302,3.592,14.556
0.95781,4.3515,14.297,0.066099,3.9331,14.219,1.5305,3.5918,14.556
0.96203,4.3483,14.301,0.080931,3.9154,14.206,1.5438,3.5899,14.522
0.96343,4.3478,14.301,0.075904,3.9239,14.219,1.5429,3.5882,14.535
0.9674,4.3466,14.302,0.07344,3.9306,14.235,1.5437,3.5851,14.546
0.9674,4.3466,14.302,0.07344,3.9306,14.235,1.5437,3.5851,14.546
0.96739,4.3466,14.302,0.073467,3.9306,14.235,1.5436,3.5852,14.546
0.96739,4.3466,14.302,0.073467,3.9306,14.235,1.5436,3.5852,14.546
0.96755,4.3466,14.302,0.073851,3.9306,14.235,1.5437,3.5854,14.545
0.96755,4.3466,14.302,0.073851,3.9306,14.235,1.5437,3.5854,14.545
0.9676,4.3463,14.302,0.075473,3.9317,14.236,1.5443,3.5864,14.542
0.9676,4.3463,14.302,0.075473,3.9317,14.236,1.5443,3.5864,14.542
0.96756,4.3464,14.302,0.074879,3.9312,14.236,1.5425,3.5852,14.542
0.9676,4.3465,14.302,0.074932,3.9314,14.237,1.5409,3.5838,14.541
0.9676,4.3465,14.302,0.074932,3.9314,14.237,1.5409,3.5838,14.541
0.9676,4.3465,14.302,0.074937,3.9314,14.237,1.5409,3.5838,14.541
0.96768,4.3464,14.302,0.075174,3.9323,14.236,1.5422,3.5847,14.541
0.96768,4.3464,14.302,0.075174,3.9323,14.236,1.5422,3.5847,14.541
1.5834,4.9277,14.11,0.60475,4.805,14.341,1.1112,6.0208,13.786
1.4854,5.0504,14.084,0.62721,4.7713,14.351,1.1822,5.9354,13.802
1.4918,5.0729,14.075,0.60507,4.75,14.364,1.1963,5.9379,13.799
1.469,5.0733,14.081,0.59788,4.7115,14.383,1.2211,5.9838,13.778
1.4488,5.0813,14.077,0.5957,4.712,14.392,1.2261,5.9922,13.779
1.4205,5.0749,14.049,0.566,4.7604,14.422,1.2052,6.0083,13.799
1.3876,5.0924,14.05,0.54603,4.7765,14.444,1.2031,6.0265,13.8
1.3768,5.0979,14.048,0.53199,4.8008,14.455,1.1947,6.0351,13.803
1.3723,5.1056,14.053,0.52261,4.8196,14.461,1.1886,6.0415,13.804
1.3723,5.1056,14.053,0.52261,4.8196,14.461,1.1886,6.0415,13.804
1.3675,5.1082,14.061,0.51646,4.8248,14.46,1.1909,6.0435,13.799
1.3653,5.1068,14.06,0.5146,4.8213,14.457,1.1943,6.0414,13.792
1.3653,5.1068,14.06,0.5146,4.8213,14.457,1.1943,6.0414,13.792
1.3669,5.1066,14.063,0.50253,4.8335,14.448,1.1986,6.0337,13.776
1.3669,5.1066,14.063,0.50253,4.8335,14.448,1.1986,6.0337,13.776
1.3669,5.1066,14.063,0.50253,4.8335,14.448,1.1986,6.0337,13.776
1.3669,5.1066,14.063,0.50253,4.8335,14.448,1.1986,6.0337,13.776
1.367,5.1059,14.064,0.49763,4.844,14.444,1.207,6.0394,13.772
1.3669,5.106,14.064,0.49788,4.8436,14.445,1.2066,6.0391,13.772
1.3669,5.106,14.064,0.49788,4.8436,14.445,1.2066,6.0391,13.772
1.3669,5.106,14.064,0.49788,4.8436,14.445,1.2066,6.0391,13.772
1.3667,5.1059,14.064,0.49717,4.8455,14.448,1.2091,6.0356,13.771
1.3667,5.1059,14.064,0.49717,4.8455,14.448,1.2091,6.0356,13.771
1.3666,5.1059,14.063,0.4968,4.8498,14.449,1.2112,6.036,13.771
1.366,5.1058,14.063,0.49395,4.8665,14.451,1.2213,6.0369,13.77
1.3659,5.1056,14.063,0.49259,4.8688,14.45,1.2236,6.0372,13.771
1.3661,5.1047,14.064,0.48646,4.8726,14.444,1.2313,6.0384,13.772
1.3661,5.1047,14.064,0.48646,4.8726,14.444,1.2313,6.0384,13.772
1.3661,5.1045,14.064,0.48522,4.875,14.444,1.2338,6.0388,13.772
1.3661,5.1045,14.064,0.48522,4.875,14.444,1.2338,6.0388,13.772
1.366,5.1046,14.064,0.48559,4.8754,14.444,1.2339,6.0388,13.772
1.3658,5.1047,14.064,0.48794,4.8787,14.446,1.2365,6.0382,13.772
1.3658,5.1047,14.064,0.48795,4.8787,14.446,1.2366,6.0382,13.772
1.3658,5.1047,14.064,0.48795,4.8787,14.446,1.2366,6.0382,13.772
1.3658,5.1046,14.064,0.48825,4.8785,14.445,1.2387,6.0379,13.773
1.3662,5.1035,14.065,0.48736,4.8716,14.436,1.248,6.0375,13.776
1.3662,5.1035,14.065,0.48736,4.8716,14.436,1.248,6.0375,13.776
1.3664,5.1031,14.065,0.48604,4.8679,14.433,1.2493,6.0377,13.777
1.3672,5.102,14.066,0.48201,4.856,14.421,1.2512,6.0392,13.78
1.3665,5.1029,14.065,0.48559,4.866,14.431,1.2489,6.0383,13.777
1.6924,3.9705,13.61,1.0129,4.8029,14.774,1.9538,3.9614,14.63
1.6985,3.9793,13.714,1.0195,4.7921,14.754,1.9577,3.9541,14.607
1.5588,4.1248,14.036,1.0359,4.7298,14.571,2.167,3.8262,14.791
1.5707,4.1172,14.083,0.98312,4.7713,14.553,2.2082,3.7947,14.802
1.5653,4.124,14.103,0.97842,4.7724,14.541,2.2144,3.7905,14.805
1.5695,4.1188,14.116,0.97609,4.7749,14.536,2.197,3.8063,14.805
1.4952,4.1085,14.211,0.98341,4.8179,14.648,2.1937,3.8605,14.824
1.4062,4.0912,14.292,0.99309,4.8629,14.76,2.2118,3.9115,14.831
1.3811,4.0923,14.319,0.99014,4.8736,14.785,2.2168,3.9253,14.83
1.3819,4.1045,14.322,0.98339,4.8731,14.778,2.2172,3.9229,14.823
1.3284,4.1289,14.359,0.98968,4.9413,14.8,2.1845,3.9513,14.78
1.2715,4.1409,14.394,0.99583,4.9866,14.827,2.1814,3.9839,14.739
1.2233,4.165,14.379,1.0029,5.0204,14.794,2.164,4.0087,14.657
1.2161,4.1785,14.303,1.02,5.034,14.693,2.1427,4.0041,14.566
1.1634,4.1953,14.272,1.0437,5.1006,14.624,2.1111,4.0201,14.461
1.151,4.2074,14.252,1.0523,5.1371,14.571,2.1035,4.0135,14.408
1.1584,4.2055,14.256,1.0502,5.1327,14.575,2.108,4.0097,14.42
1.1796,4.2034,14.249,1.053,5.1269,14.559,2.1212,3.9998,14.43
1.186,4.2031,14.245,1.0561,5.1267,14.551,2.126,3.9979,14.431
1.2114,4.2433,14.226,1.1221,5.1801,14.477,2.1723,4.0339,14.382
1.239,4.2735,14.214,1.1878,5.2374,14.408,2.2016,4.0633,14.356
1.2943,4.3146,14.2,1.2767,5.2967,14.339,2.2458,4.1014,14.352
1.2943,4.3146,14.2,1.2767,5.2967,14.339,2.2458,4.1014,14.352
1.313,4.3154,14.214,1.2775,5.2841,14.376,2.2526,4.0997,14.392
1.5136,4.5109,14.24,1.5359,5.4975,14.288,2.4392,4.1945,14.418
1.6506,4.6426,14.244,1.7359,5.6386,14.215,2.5642,4.2885,14.427
1.6947,4.6928,14.228,1.8265,5.6721,14.203,2.6014,4.3595,14.417
1.6596,4.738,14.17,1.8421,5.708,14.148,2.5724,4.3792,14.302
1.7633,4.9163,14.105,2.0336,5.8698,14.035,2.6566,4.473,14.196
1.7609,4.9073,14.1,2.0148,5.8568,14.037,2.6458,4.4624,14.202
1.7629,4.8942,14.111,1.9989,5.8499,14.037,2.638,4.4631,14.231
1.7599,4.9292,14.089,2.0068,5.8824,14.001,2.6261,4.4795,14.191
1.7505,4.9351,14.094,1.9926,5.8859,14.004,2.6207,4.4817,14.186
1.7469,4.9326,14.095,1.9874,5.8837,14.005,2.6183,4.4811,14.185
1.7192,4.9201,14.101,1.9491,5.873,14.002,2.5994,4.4808,14.179
1.7379,4.9829,14.094,1.9749,5.9314,13.926,2.6262,4.5583,14.149
1.7379,4.9829,14.094,1.9749,5.9314,13.926,2.6262,4.5583,14.149
1.727,4.973,14.097,1.9308,5.9174,13.921,2.6123,4.5511,14.161
1.7261,4.9754,14.096,1.9295,5.9197,13.913,2.6136,4.556,14.157
1.7261,4.9754,14.096,1.9295,5.9197,13.913,2.6136,4.556,14.157
1.7261,4.9754,14.096,1.9295,5.9197,13.913,2.6136,4.556,14.157
1.7243,4.9734,14.097,1.9294,5.9192,13.91,2.6166,4.5575,14.156
