-2.056726500000000215e+03
-2.055855799999999817e+03
-2.055229200000000219e+03
-2.054701700000000073e+03
-2.054259900000000016e+03
-2.053985599999999977e+03
-2.053920200000000023e+03
-2.054064300000000003e+03
-2.054347099999999955e+03
-2.054680299999999988e+03
-2.055112900000000081e+03
-2.055774199999999837e+03
-2.056658500000000004e+03
-2.056930800000000090e+03
-2.055114399999999932e+03
-2.056545900000000074e+03
-2.056594900000000052e+03
-2.055884500000000116e+03
-2.055260800000000017e+03
-2.054743899999999940e+03
-2.054404599999999846e+03
-2.054252300000000105e+03
-2.054322400000000016e+03
-2.054560699999999997e+03
-2.054879399999999805e+03
-2.055258800000000065e+03
-2.055671100000000024e+03
-2.056038300000000163e+03
-2.056295999999999822e+03
-2.055922999999999774e+03
-2.054987099999999828e+03
-2.056713400000000092e+03
-2.055420700000000124e+03
-2.054435500000000047e+03
-2.053796600000000126e+03
-2.053388699999999972e+03
-2.053044300000000021e+03
-2.052606200000000172e+03
-2.052262000000000171e+03
-2.052305400000000191e+03
-2.052426399999999830e+03
-2.052456999999999880e+03
-2.052516299999999774e+03
-2.052700600000000122e+03
-2.053014900000000125e+03
-2.053387999999999920e+03
-2.053668500000000222e+03
-2.053740999999999985e+03
-2.053865499999999884e+03
-2.054236800000000130e+03
-2.054498999999999796e+03
-2.054557999999999993e+03
-2.054598300000000108e+03
-2.054710000000000036e+03
-2.054902300000000196e+03
-2.055089399999999841e+03
-2.055084100000000035e+03
-2.054862500000000182e+03
-2.054784700000000157e+03
-2.054790199999999913e+03
-2.054564199999999801e+03
-2.054214599999999791e+03
-2.053926500000000033e+03
-2.053784099999999853e+03
-2.053795000000000073e+03
-2.053882900000000063e+03
-2.053895199999999932e+03
-2.053822099999999864e+03
-2.053922099999999773e+03
-2.054071399999999812e+03
-2.054055899999999838e+03
-2.053947299999999814e+03
-2.057298899999999776e+03
-2.057158699999999953e+03
-2.056872199999999793e+03
-2.056424700000000030e+03
-2.055955699999999979e+03
-2.055332300000000032e+03
-2.054541700000000219e+03
-2.054220299999999952e+03
-2.054753999999999905e+03
-2.055539600000000064e+03
-2.056210000000000036e+03
-2.056752899999999954e+03
-2.055825600000000122e+03
-2.054645899999999983e+03
-2.057005400000000009e+03
-2.056668999999999869e+03
-2.055846599999999853e+03
-2.055299399999999878e+03
-2.054920599999999922e+03
-2.054561900000000151e+03
-2.054263699999999972e+03
-2.054097600000000057e+03
-2.054106200000000172e+03
-2.054276400000000194e+03
-2.054547300000000178e+03
-2.054920099999999820e+03
-2.055631800000000112e+03
-2.056730100000000220e+03
-2.056146600000000035e+03
-2.053923800000000028e+03
-2.057347000000000207e+03
-2.057119299999999839e+03
-2.056788700000000063e+03
-2.056384199999999964e+03
-2.056071699999999964e+03
-2.055950800000000072e+03
-2.056004899999999907e+03
-2.056135600000000068e+03
-2.056222499999999854e+03
-2.056390899999999874e+03
-2.056682099999999991e+03
-2.056746900000000096e+03
-2.056409999999999854e+03
-2.055952400000000125e+03
-2.055802099999999882e+03
-2.055749099999999999e+03
-2.055570000000000164e+03
-2.055440300000000207e+03
-2.055745600000000195e+03
-2.056116599999999835e+03
-2.056160300000000007e+03
-2.056079200000000128e+03
-2.056242600000000039e+03
-2.056413100000000213e+03
-2.056376999999999953e+03
-2.056248000000000047e+03
-2.055739599999999882e+03
-2.055840000000000146e+03
-2.055947299999999814e+03
-2.054905499999999847e+03
-2.054186400000000049e+03
-2.053744000000000142e+03
-2.053396799999999985e+03
-2.053179500000000189e+03
-2.053152199999999993e+03
-2.053356000000000222e+03
-2.053767400000000180e+03
-2.054239000000000033e+03
-2.054482100000000173e+03
-2.054117900000000191e+03
-2.053353399999999965e+03
-2.056882700000000114e+03
-2.056000300000000152e+03
-2.055387999999999920e+03
-2.054954999999999927e+03
-2.054624299999999948e+03
-2.054437899999999900e+03
-2.054400799999999890e+03
-2.054498300000000199e+03
-2.054669699999999921e+03
-2.054842799999999897e+03
-2.055021099999999933e+03
-2.055353599999999915e+03
-2.055781399999999849e+03
-2.056077600000000075e+03
-2.056213499999999840e+03
-2.056263800000000174e+03
-2.056300499999999829e+03
-2.056345699999999852e+03
-2.056344099999999798e+03
-2.056256499999999960e+03
-2.056188099999999849e+03
-2.056091899999999896e+03
-2.055967900000000100e+03
-2.055766000000000076e+03
-2.055419100000000071e+03
-2.055118399999999838e+03
-2.055033699999999953e+03
-2.055131300000000010e+03
-2.055316600000000108e+03
-2.055499400000000151e+03
-2.055611699999999928e+03
-2.055699500000000171e+03
-2.055960099999999784e+03
-2.056331700000000183e+03
-2.056465499999999793e+03
-2.056318699999999808e+03
-2.056088200000000143e+03
-2.055892899999999827e+03
-2.054004199999999855e+03
-2.052519299999999930e+03
-2.051409599999999955e+03
-2.050725500000000011e+03
-2.050510999999999967e+03
-2.050796400000000176e+03
-2.051573600000000170e+03
-2.052652999999999793e+03
-2.052763399999999820e+03
-2.051438200000000052e+03
-2.054685500000000047e+03
-2.055529500000000098e+03
-2.055846799999999803e+03
-2.052738899999999830e+03
-2.051805400000000191e+03
-2.054574399999999969e+03
-2.053558199999999943e+03
-2.052908399999999801e+03
-2.052720800000000054e+03
-2.052848899999999958e+03
-2.052476599999999962e+03
-2.049820700000000215e+03
-2.051231900000000223e+03
-2.051538199999999961e+03
-2.050899499999999989e+03
-2.050531500000000051e+03
-2.056907400000000052e+03
-2.056196699999999964e+03
-2.055952999999999975e+03
-2.055273599999999988e+03
-2.054367299999999886e+03
-2.053579699999999775e+03
-2.052986199999999826e+03
-2.052574700000000121e+03
-2.052304299999999785e+03
-2.052142299999999977e+03
-2.052064199999999801e+03
-2.052110999999999876e+03
-2.052269499999999880e+03
-2.052569599999999809e+03
-2.053141599999999926e+03
-2.053769999999999982e+03
-2.054128000000000156e+03
-2.054323699999999917e+03
-2.054412299999999959e+03
-2.054207899999999881e+03
-2.053719099999999798e+03
-2.053109399999999823e+03
-2.052400399999999991e+03
-2.051869200000000092e+03
-2.052214699999999993e+03
-2.053158600000000206e+03
-2.053665899999999965e+03
-2.053542300000000068e+03
-2.052860499999999774e+03
-2.056295200000000023e+03
-2.055048999999999978e+03
-2.054145799999999781e+03
-2.053211899999999787e+03
-2.052304599999999937e+03
-2.051604400000000169e+03
-2.051241799999999785e+03
-2.051271099999999933e+03
-2.051691499999999905e+03
-2.052395599999999831e+03
-2.053132099999999809e+03
-2.053699799999999868e+03
-2.054346900000000005e+03
-2.054818499999999858e+03
-2.054616399999999885e+03
-2.054338299999999890e+03
-2.054679799999999886e+03
-2.055244999999999891e+03
-2.055646900000000187e+03
-2.055938999999999851e+03
-2.056277999999999793e+03
-2.056433300000000145e+03
-2.055981499999999869e+03
-2.055170500000000175e+03
-2.056877899999999954e+03
-2.055791999999999916e+03
-2.054792699999999968e+03
-2.054019200000000183e+03
-2.053402900000000045e+03
-2.052844799999999850e+03
-2.052339399999999841e+03
-2.051954600000000028e+03
-2.051786300000000210e+03
-2.051795300000000225e+03
-2.051907299999999850e+03
-2.052076500000000124e+03
-2.052350199999999859e+03
-2.052807600000000093e+03
-2.053331400000000031e+03
-2.053671400000000176e+03
-2.053674100000000180e+03
-2.053375500000000102e+03
-2.052896299999999883e+03
-2.052407299999999850e+03
-2.052023999999999887e+03
-2.051834499999999935e+03
-2.051880099999999857e+03
-2.052185500000000047e+03
-2.052705599999999777e+03
-2.053205899999999929e+03
-2.053309600000000046e+03
-2.053385800000000017e+03
-2.053778800000000047e+03
-2.053895899999999983e+03
-2.053838499999999840e+03
-2.053779700000000048e+03
