-2.056297019999999975e+03
-2.056812397000000146e+03
-2.057082749000000149e+03
-2.057228396999999859e+03
-2.057232196999999815e+03
-2.057240102000000206e+03
-2.057249322000000120e+03
-2.057263908999999785e+03
-2.057277520000000095e+03
-2.057289369000000079e+03
-2.057298288999999841e+03
-2.057306136000000151e+03
-2.057310270999999830e+03
-2.057311550999999781e+03
-2.057314816999999948e+03
-2.057344466999999895e+03
-2.057371901999999864e+03
-2.057379468000000088e+03
-2.057382200999999895e+03
-2.057385760000000118e+03
-2.057383859000000029e+03
-2.057385119999999915e+03
-2.057383257999999842e+03
-2.057384043999999903e+03
-2.057384914000000208e+03
-2.057385283000000072e+03
-2.057391244999999799e+03
-2.057384728999999879e+03
-2.057387063000000126e+03
-2.057386920999999802e+03
-2.057385364000000209e+03
-2.057384106999999858e+03
-2.057392971000000216e+03
-2.057384931999999935e+03
-2.057387106000000131e+03
-2.057385480999999800e+03
-2.057384356999999909e+03
-2.057387064000000009e+03
-2.054067513999999846e+03
-2.056878388000000086e+03
-2.056978834000000006e+03
-2.057026515999999901e+03
-2.057036262000000079e+03
-2.057045932999999877e+03
-2.057066570999999840e+03
-2.057101599000000078e+03
-2.057115184000000227e+03
-2.057150959999999941e+03
-2.057214311000000180e+03
-2.057271515999999792e+03
-2.057334425999999894e+03
-2.057354702999999972e+03
-2.057353290000000015e+03
-2.057349143999999797e+03
-2.057352113999999801e+03
-2.057355563000000075e+03
-2.057360542999999780e+03
-2.057357024999999794e+03
-2.057363049000000046e+03
-2.057360341000000062e+03
-2.057364850999999817e+03
-2.057363488999999845e+03
-2.057359484000000066e+03
-2.057361023999999816e+03
-2.057366908999999850e+03
-2.057363107000000127e+03
-2.056731303000000025e+03
-2.056928475000000162e+03
-2.057019917999999961e+03
-2.057054939999999988e+03
-2.057068608000000040e+03
-2.057063791999999921e+03
-2.057072247000000061e+03
-2.057073300999999901e+03
-2.057084379999999783e+03
-2.057088219000000208e+03
-2.057111704999999802e+03
-2.057133111000000099e+03
-2.057177431000000070e+03
-2.057215291999999863e+03
-2.057230282999999872e+03
-2.057269815000000108e+03
-2.057288486999999805e+03
-2.057295920000000024e+03
-2.057300031000000217e+03
-2.057313946000000215e+03
-2.057339645000000019e+03
-2.057346786999999949e+03
-2.057350664999999935e+03
-2.057381727999999839e+03
-2.057414447999999993e+03
-2.057425146999999924e+03
-2.057429994000000079e+03
-2.057435551000000032e+03
-2.057443850000000111e+03
-2.057440434999999979e+03
-2.057462202000000161e+03
-2.057465876000000208e+03
-2.057475461999999879e+03
-2.057478665999999976e+03
-2.057479217999999946e+03
-2.057481895999999779e+03
-2.057480594999999994e+03
-2.057482955999999831e+03
-2.057485796999999820e+03
-2.057485486999999921e+03
-2.056414409999999862e+03
-2.056968929000000117e+03
-2.057021459000000050e+03
-2.057063032000000021e+03
-2.057066507000000001e+03
-2.057070558999999776e+03
-2.057082405999999992e+03
-2.057090686999999889e+03
-2.057097029000000020e+03
-2.057106901999999991e+03
-2.057128028999999970e+03
-2.057138608000000204e+03
-2.057184623999999985e+03
-2.057207699999999932e+03
-2.057230143000000226e+03
-2.057242236999999932e+03
-2.057246075999999903e+03
-2.057253510000000006e+03
-2.057269818000000214e+03
-2.057282885999999962e+03
-2.057291356000000178e+03
-2.057300040000000081e+03
-2.057320463000000018e+03
-2.057344913999999790e+03
-2.057362841000000117e+03
-2.057380248999999822e+03
-2.057383542999999918e+03
-2.057388107000000218e+03
-2.057422973000000184e+03
-2.057428593999999975e+03
-2.057444222999999965e+03
-2.057477260000000115e+03
-2.057487740999999914e+03
-2.057501310999999987e+03
-2.057503427000000102e+03
-2.057500105000000076e+03
-2.057505590000000211e+03
-2.057512799999999970e+03
-2.057514870999999857e+03
-2.057510017000000062e+03
-2.057510317000000214e+03
-2.057516654999999901e+03
-2.057512795000000096e+03
-2.057514911000000211e+03
-2.054483091999999942e+03
-2.056530803999999989e+03
-2.056772162000000208e+03
-2.057182162999999946e+03
-2.057193115000000034e+03
-2.057201061000000209e+03
-2.057229075000000194e+03
-2.057272941000000174e+03
-2.057318137000000206e+03
-2.057369229999999789e+03
-2.057398024999999961e+03
-2.057426950000000033e+03
-2.057430620999999974e+03
-2.057430130000000190e+03
-2.057431995999999799e+03
-2.057433734000000186e+03
-2.057439641999999822e+03
-2.057437832999999955e+03
-2.057443545000000086e+03
-2.057446703000000070e+03
-2.057451363000000129e+03
-2.057452325000000201e+03
-2.057453908999999840e+03
-2.057454780999999912e+03
-2.057452385000000049e+03
-2.057453981000000113e+03
-2.057456408999999894e+03
-2.057461468999999852e+03
-2.057466403999999784e+03
-2.057482480000000123e+03
-2.057491614000000027e+03
-2.057496207000000140e+03
-2.057498783000000003e+03
-2.057502426999999898e+03
-2.057508009000000129e+03
-2.057510337000000163e+03
-2.057508938999999828e+03
-2.057513681999999790e+03
-2.056466085999999905e+03
-2.056596844000000146e+03
-2.056910623000000214e+03
-2.057016161999999895e+03
-2.057209307999999965e+03
-2.057264685999999983e+03
-2.057280553999999938e+03
-2.057296942999999828e+03
-2.057302736000000095e+03
-2.057302627000000030e+03
-2.057305979000000207e+03
-2.057308747999999923e+03
-2.057316839999999956e+03
-2.057320654999999988e+03
-2.057331290000000081e+03
-2.057332405000000108e+03
-2.057346092000000226e+03
-2.057364317000000028e+03
-2.057372886999999992e+03
-2.057371556999999939e+03
-2.057372271000000183e+03
-2.057374705000000176e+03
-2.057374409000000014e+03
-2.057376557999999932e+03
-2.057377746000000116e+03
-2.057377668000000085e+03
-2.057378369999999904e+03
-2.057376318999999967e+03
-2.057373917999999776e+03
-2.057377856999999949e+03
-2.051536982000000080e+03
-2.053304223999999977e+03
-2.054872179999999844e+03
-2.056559229999999843e+03
-2.056898890999999821e+03
-2.057177455999999893e+03
-2.057236477999999806e+03
-2.057250078000000030e+03
-2.057260754999999790e+03
-2.057283179999999902e+03
-2.057291659999999865e+03
-2.057306059000000005e+03
-2.057349994000000152e+03
-2.057354670000000169e+03
-2.057370679000000109e+03
-2.057377742000000126e+03
-2.057385654000000159e+03
-2.057397922999999992e+03
-2.057404092000000219e+03
-2.057430084999999963e+03
-2.057436213999999836e+03
-2.057448324999999841e+03
-2.057453591999999844e+03
-2.057463691999999810e+03
-2.057455029000000195e+03
-2.057458994000000075e+03
-2.057463643999999931e+03
-2.057469866999999795e+03
-2.057487183000000186e+03
-2.057485945999999785e+03
-2.057497957000000042e+03
-2.057489975999999842e+03
-2.057497233999999935e+03
-2.057491973000000144e+03
-2.057496681000000081e+03
-2.057504845999999816e+03
-2.057500443999999789e+03
-2.057504481999999825e+03
-2.057508640999999898e+03
-2.057508054999999786e+03
-2.057506279000000177e+03
-2.057506804000000102e+03
-2.057508556000000226e+03
-2.057509353999999803e+03
-2.053666623999999956e+03
-2.054805100000000039e+03
-2.055259114999999838e+03
-2.055386996000000181e+03
-2.055468546999999944e+03
-2.055708412999999837e+03
-2.055763128999999935e+03
-2.056021580999999969e+03
-2.056542167000000063e+03
-2.056587086999999883e+03
-2.056807464999999866e+03
-2.057144423000000188e+03
-2.057292234000000008e+03
-2.057379050999999890e+03
-2.057419178000000102e+03
-2.057424766000000091e+03
-2.057431552000000011e+03
-2.057436986000000161e+03
-2.057437926999999945e+03
-2.057436804999999822e+03
-2.057438520000000153e+03
-2.057436658999999963e+03
-2.057435229000000163e+03
-2.057442572999999811e+03
-2.057436208999999963e+03
-2.057440403999999944e+03
-2.057437331999999969e+03
-2.057438736000000063e+03
-2.057440270000000055e+03
-2.057444192999999814e+03
-2.057441804999999931e+03
-2.057440994000000046e+03
-2.057439400000000205e+03
-2.057440794999999980e+03
-2.057440595999999914e+03
-2.057441875999999866e+03
-2.057438806999999997e+03
-2.057439198999999917e+03
-2.057442770999999993e+03
-2.057438228999999865e+03
-2.057439770999999837e+03
-2.057441772000000128e+03
-2.057438775999999962e+03
-2.056439628000000084e+03
-2.057382196000000022e+03
-2.057438518999999815e+03
-2.057504076000000168e+03
-2.057508316999999806e+03
-2.057511988000000201e+03
-2.057518429000000197e+03
-2.057520603999999821e+03
-2.057522155000000112e+03
-2.057517682000000150e+03
-2.057522419999999784e+03
-2.057522958999999901e+03
-2.057521811999999954e+03
-2.057523487999999816e+03
-2.057523090000000138e+03
-2.057523192000000108e+03
-2.057520735000000059e+03
-2.057521883999999773e+03
-2.057523247999999967e+03
-2.057521733000000040e+03
-2.057520273000000088e+03
-2.057527592999999797e+03
-2.057520457999999962e+03
-2.057520435999999791e+03
-2.057522457999999915e+03
-2.057520769000000200e+03
-2.057522266999999829e+03
-2.057521756999999980e+03
-2.057523714999999811e+03
-2.057520951999999852e+03
-2.057520112000000154e+03
-2.057522806999999830e+03
-2.057523792999999841e+03
-2.057523442000000159e+03
-2.057522394000000077e+03
-2.057525252999999793e+03
-2.057523150999999871e+03
-2.057524385000000166e+03
-2.057524500999999873e+03
-2.057525236999999834e+03
-2.053891348000000107e+03
-2.054329103999999916e+03
-2.057148255999999947e+03
-2.057239758000000165e+03
-2.057256269999999859e+03
-2.057278487000000041e+03
-2.057312171999999919e+03
-2.057350853999999799e+03
-2.057352824000000055e+03
-2.057360889000000043e+03
-2.057368441999999959e+03
-2.057378557000000001e+03
-2.057386251999999786e+03
-2.057396600000000035e+03
-2.057410862000000179e+03
-2.057415174000000206e+03
-2.057415320000000065e+03
-2.057417182000000139e+03
-2.057419310000000223e+03
-2.057424845000000005e+03
-2.057431966999999986e+03
-2.057436655999999857e+03
-2.057433105999999952e+03
-2.057438810999999987e+03
-2.057455605000000105e+03
-2.057461346999999932e+03
-2.057484424000000217e+03
-2.057492971000000125e+03
-2.057499709000000166e+03
-2.057502743999999893e+03
-2.057505622000000130e+03
-2.057510980000000018e+03
-2.057511919999999918e+03
-2.057511196999999811e+03
-2.057512850000000071e+03
-2.057521240999999918e+03
-2.057512302000000091e+03
-2.057516709999999875e+03
-2.057518321999999898e+03
-2.057518468000000212e+03
-2.057516384999999900e+03
-2.057521661000000222e+03
